timestamp,data
11721.163661796,ProducerMsg_0_11721.047738776
11721.297732880,ProducerMsg_1_11721.097766952
11721.547774816,ProducerMsg_2_11721.147751276
11721.797742680,ProducerMsg_3_11721.197756397
11722.050273694,ProducerMsg_4_11721.247731518
11722.297766981,ProducerMsg_5_11721.297732454
11722.552384113,ProducerMsg_6_11721.347731889
11722.797745874,ProducerMsg_7_11721.397723714
11723.099206745,ProducerMsg_8_11721.447716557
11723.325837914,ProducerMsg_9_11721.497714771
11723.728513140,ProducerMsg_10_11721.547716410
11723.925364463,ProducerMsg_11_11721.597720234
11724.131453195,ProducerMsg_12_11721.647733633
11724.346395192,ProducerMsg_13_11721.697747772
11724.586383806,ProducerMsg_14_11721.747741171
11724.907241870,ProducerMsg_15_11721.797742458
11725.292579095,ProducerMsg_16_11721.847728524
11725.297746486,ProducerMsg_17_11721.897738737
11725.581495807,ProducerMsg_18_11721.947728599
11725.797931913,ProducerMsg_19_11721.997747053
11726.047818167,ProducerMsg_20_11722.047753840
11726.297881751,ProducerMsg_21_11722.097753090
11726.576743194,ProducerMsg_22_11722.147748267
11726.797852847,ProducerMsg_23_11722.197754406
11727.048501256,ProducerMsg_24_11722.247746175
11727.297844461,ProducerMsg_25_11722.297766796
